# NowakKrzysztof
# linie zaczynające się znakiem # to komentarz
#
# sprawdź istnienie ścieżek dla par wierzchołków:
# 
# 134 229
# 50 243
# 364 95
# 
# graf:
522
5251
0 289
0 75
0 497
0 290
0 219
0 336
0 182
0 432
0 417
0 374
0 372
1 410
1 371
1 87
1 30
1 391
1 231
1 129
1 337
1 69
2 248
2 420
2 246
2 381
2 209
2 130
2 265
2 357
2 416
2 318
2 187
2 362
2 409
3 322
3 109
3 329
3 264
3 13
3 3
3 92
3 369
3 96
3 103
3 115
3 469
3 302
3 110
3 209
3 202
4 390
4 9
4 330
4 227
4 482
4 470
4 238
4 172
5 124
5 280
5 335
5 330
5 14
5 62
5 125
5 403
5 343
5 513
5 72
6 421
6 272
6 213
6 50
6 138
6 280
6 98
6 164
6 204
6 210
6 322
6 419
6 213
6 212
6 79
6 250
6 432
7 326
7 43
7 374
7 419
7 43
7 70
8 425
8 462
8 401
8 265
8 158
8 391
8 395
8 162
8 42
8 505
8 365
9 160
9 159
9 237
9 476
9 341
9 33
9 113
9 261
10 53
10 296
10 366
10 186
10 410
10 314
10 95
10 104
10 43
10 393
11 84
11 501
11 41
11 332
11 51
11 213
11 502
11 138
12 106
12 56
12 270
12 253
12 20
12 132
12 372
12 211
12 282
13 214
13 32
13 432
13 118
13 130
13 504
13 265
13 464
13 211
13 470
13 367
13 239
13 366
13 516
14 67
14 5
14 344
14 32
14 456
14 330
14 246
14 18
14 38
15 486
15 382
15 299
15 189
15 335
15 413
15 306
15 264
15 143
15 4
15 371
15 357
16 66
16 490
16 324
16 234
16 146
16 112
17 451
17 126
17 26
17 360
17 126
17 2
17 410
17 444
18 362
18 422
18 368
18 429
18 234
18 190
18 116
19 281
19 85
19 386
19 283
19 465
19 347
19 134
19 143
19 133
19 258
19 505
20 409
20 320
20 102
20 338
20 166
20 263
20 368
20 298
20 192
20 61
20 352
20 290
20 200
21 227
21 134
21 2
21 407
21 493
21 281
21 338
21 95
21 409
21 160
21 225
21 113
21 499
22 135
22 497
22 495
22 31
22 417
22 217
22 296
23 129
23 490
23 521
23 47
23 491
23 15
23 180
23 179
23 485
23 511
23 196
24 465
24 508
24 125
24 505
24 7
24 15
24 422
24 432
24 485
24 294
24 7
24 47
25 354
25 79
25 105
25 233
25 385
25 340
25 479
25 48
25 347
25 1
25 91
25 6
25 419
25 187
25 386
25 57
26 87
26 324
26 158
26 179
26 341
26 45
27 431
27 21
27 57
27 200
27 196
27 122
27 341
27 166
27 451
28 308
28 514
28 324
28 87
28 126
28 63
28 150
28 282
28 55
28 318
29 428
29 28
29 477
29 454
29 373
29 124
29 496
30 247
30 306
30 371
30 470
30 181
30 378
30 301
30 5
30 115
30 332
30 4
30 121
31 446
31 504
31 474
31 161
31 321
31 91
31 66
31 395
32 380
32 484
32 251
32 324
32 28
32 292
33 406
33 440
33 262
33 372
33 350
33 191
33 67
33 423
33 339
33 22
33 380
34 201
34 494
34 381
34 176
34 175
34 133
34 330
35 440
35 288
35 203
35 149
35 127
35 58
35 343
35 187
35 460
35 126
35 91
36 477
36 225
36 136
36 366
36 450
36 89
36 384
37 303
37 74
37 46
37 141
37 129
37 159
37 82
37 228
37 467
37 328
37 281
37 300
38 250
38 179
38 73
38 504
38 86
38 337
39 253
39 63
39 319
39 234
39 348
39 351
39 279
39 67
39 69
39 365
39 12
39 228
39 133
39 296
40 158
40 510
40 299
40 435
40 462
40 174
40 336
40 3
41 471
41 61
41 75
41 74
41 149
41 103
41 2
41 457
41 133
42 414
42 256
42 64
42 430
42 186
42 452
42 30
42 207
42 358
42 251
42 436
42 39
42 372
42 5
42 329
42 94
43 240
43 2
43 454
43 519
43 218
44 358
44 213
44 432
44 256
44 489
44 214
44 75
44 489
44 69
44 318
44 266
44 243
45 330
45 123
45 231
45 288
45 100
45 88
45 428
45 143
45 476
45 239
46 281
46 173
46 307
46 426
46 403
46 38
46 508
46 92
46 272
47 319
47 502
47 494
47 445
47 382
47 45
47 279
47 127
47 254
47 154
47 386
47 80
47 244
48 209
48 13
48 78
48 290
48 283
49 348
49 89
49 327
49 181
49 386
49 507
49 13
49 258
50 449
50 494
50 97
50 197
50 329
50 351
50 508
51 271
51 211
51 109
51 100
51 24
51 19
51 34
51 57
51 143
51 12
51 56
51 173
51 16
51 311
52 41
52 267
52 30
52 28
52 108
52 512
52 239
52 84
53 39
53 261
53 216
53 235
53 515
53 378
53 109
53 391
53 509
53 205
53 101
53 411
53 120
54 446
54 200
54 364
54 141
54 233
54 225
54 490
54 5
54 415
54 44
54 386
54 186
54 405
54 441
54 50
54 122
54 138
55 172
55 276
55 458
55 248
55 451
55 380
56 300
56 320
56 301
56 186
56 443
56 499
56 237
56 140
57 475
57 320
57 21
57 215
57 375
57 424
57 199
57 497
57 215
57 139
57 191
57 305
58 139
58 516
58 176
58 38
58 479
58 347
58 459
58 65
58 487
58 469
58 497
58 370
58 113
59 99
59 457
59 379
59 232
59 401
59 488
59 267
60 112
60 421
60 138
60 85
60 357
60 153
60 190
60 336
60 30
60 345
61 462
61 358
61 217
61 252
61 45
61 451
61 257
61 88
61 452
62 500
62 190
62 296
62 364
62 322
62 463
63 369
63 191
63 427
63 37
63 157
63 156
63 4
63 515
63 197
64 449
64 353
64 219
64 416
64 211
64 261
64 158
64 153
64 58
64 77
64 323
64 262
64 216
64 506
65 360
65 424
65 283
65 515
65 64
65 501
65 111
66 165
66 222
66 42
66 137
66 171
66 103
66 197
67 217
67 246
67 282
67 270
67 434
67 432
68 484
68 449
68 67
68 504
68 503
69 356
69 117
69 193
69 321
69 204
69 276
69 455
69 74
69 73
69 378
70 83
70 413
70 348
70 268
70 195
70 504
70 237
70 105
70 489
70 351
70 67
71 126
71 434
71 454
71 174
71 382
71 76
71 92
71 170
71 348
71 299
71 172
71 142
71 196
71 258
72 315
72 35
72 79
72 384
72 279
72 48
73 166
73 474
73 521
73 130
73 469
73 425
73 71
73 385
73 256
73 110
73 218
74 140
74 236
74 120
74 298
74 314
74 482
74 378
74 199
74 291
74 188
75 70
75 68
75 149
75 302
75 516
75 415
75 309
75 315
75 513
76 464
76 425
76 192
76 186
77 520
77 35
77 2
77 366
77 377
77 182
77 151
77 1
77 88
77 61
77 444
77 503
77 50
77 419
77 367
78 107
78 201
78 301
78 151
78 5
78 290
78 208
78 34
78 126
78 167
79 284
79 65
79 345
79 42
79 200
79 168
79 67
79 68
79 302
79 458
80 499
80 54
80 149
80 440
80 104
80 297
80 483
80 151
80 482
80 17
80 418
80 261
80 26
81 317
81 149
81 107
81 259
81 61
81 194
81 325
81 367
81 348
81 1
81 471
82 109
82 436
82 53
82 514
82 169
82 27
82 372
82 12
83 259
83 273
83 56
83 72
83 172
83 26
83 145
83 511
83 140
83 435
83 199
83 114
83 49
84 8
84 217
84 506
84 507
84 41
84 508
84 504
84 237
84 69
84 99
84 190
85 206
85 483
85 237
86 520
86 71
86 350
86 413
86 425
86 504
87 64
87 279
87 352
87 324
87 164
87 410
87 398
87 155
87 99
88 413
88 73
88 149
88 376
88 162
88 87
88 386
88 472
88 37
88 65
88 275
88 285
88 399
88 184
88 477
89 52
89 492
89 414
89 341
89 147
89 301
89 124
89 236
89 262
89 240
89 138
89 378
90 308
90 16
90 247
90 174
90 231
90 436
90 317
90 179
90 85
90 426
90 96
90 127
90 238
90 120
90 6
91 424
91 245
91 316
91 215
91 432
91 145
91 192
91 305
92 129
92 355
92 214
92 316
92 81
92 366
92 257
93 270
93 99
93 293
93 491
93 337
93 345
93 405
93 283
93 399
93 273
94 158
94 88
94 175
94 368
94 143
94 181
94 517
94 145
95 349
95 59
95 465
95 515
95 355
95 230
95 449
95 86
95 503
95 178
95 433
96 53
96 466
96 283
96 470
96 137
96 445
96 225
97 295
97 20
97 76
97 27
97 284
97 22
97 180
97 105
97 284
97 244
97 483
98 141
98 112
98 42
98 133
98 77
98 103
98 330
98 217
98 220
98 162
98 174
98 122
98 333
98 331
98 440
98 10
99 27
99 194
99 278
99 6
99 385
99 203
99 1
99 243
99 308
99 32
99 86
99 255
100 16
100 171
100 422
100 418
100 41
100 459
100 188
100 383
100 246
100 256
100 494
100 441
100 412
100 70
101 494
101 398
101 367
101 444
101 396
101 154
101 495
101 5
101 197
101 180
102 296
102 174
102 76
102 8
102 304
102 237
102 182
102 484
102 16
102 76
102 36
102 35
102 16
102 127
102 442
103 224
103 234
103 401
103 313
103 378
103 419
103 481
103 255
103 501
103 164
103 295
104 37
104 33
104 18
104 511
105 392
105 229
105 143
105 213
105 398
105 152
105 136
105 165
105 95
105 199
106 198
106 411
106 302
106 199
106 220
106 505
106 460
106 422
106 317
106 403
106 92
107 124
107 235
107 350
107 285
107 273
107 137
107 411
107 107
107 160
108 326
108 218
108 440
108 480
108 231
108 255
108 404
108 81
108 500
109 506
109 66
109 270
109 435
109 29
109 517
109 268
109 97
109 76
109 219
110 377
110 161
110 165
110 166
110 119
110 263
110 146
110 209
110 335
110 117
110 221
110 362
110 90
110 426
110 509
110 73
110 351
110 52
110 161
111 343
111 9
111 330
111 266
111 322
111 354
111 87
112 310
112 188
112 197
112 465
112 177
112 159
112 288
113 185
113 425
113 365
113 468
113 457
113 196
113 51
113 347
113 515
113 365
113 434
113 226
113 268
113 510
113 420
113 521
113 115
114 23
114 167
114 239
114 317
114 119
114 238
115 69
115 242
115 9
115 407
115 104
115 262
115 349
115 235
115 511
116 374
116 80
116 468
116 429
116 335
116 479
116 295
116 165
117 426
117 397
117 318
117 329
117 403
117 513
117 224
117 494
117 423
117 75
118 437
118 432
118 349
118 377
118 480
118 222
118 45
118 143
118 263
119 426
119 76
119 258
119 198
119 218
119 97
119 214
119 343
119 439
119 19
119 104
119 251
120 366
120 103
120 229
120 341
120 225
120 488
120 83
120 252
120 398
120 341
120 303
120 123
120 189
120 342
120 259
120 310
120 74
120 24
120 458
120 187
120 36
121 398
121 32
121 385
121 31
121 363
121 351
121 151
121 400
122 434
122 397
122 387
122 143
122 125
122 94
122 60
122 459
122 401
122 27
122 162
122 441
123 235
123 421
123 320
123 27
123 100
123 344
123 175
123 473
123 500
123 511
124 43
124 103
124 343
124 19
124 489
124 324
124 465
124 67
124 251
124 212
124 29
125 406
125 166
125 257
125 44
125 73
125 157
125 246
126 56
126 166
126 7
126 46
126 121
126 212
126 14
127 406
127 494
127 145
127 493
127 84
127 44
127 335
127 65
127 396
127 283
127 317
127 250
127 440
127 284
127 396
127 53
128 259
128 222
128 396
128 43
128 234
128 399
128 77
128 203
128 163
129 295
129 324
129 174
129 191
129 41
129 409
129 9
129 410
129 252
129 202
130 423
130 170
130 365
130 311
130 293
130 271
130 357
130 405
130 135
130 0
130 344
130 34
130 458
130 489
131 62
131 379
131 273
131 244
131 48
131 161
131 18
131 320
131 387
131 26
131 271
131 446
131 255
131 266
131 44
131 389
131 43
131 46
132 58
132 353
132 98
132 505
132 211
132 128
132 471
132 496
132 425
132 332
132 509
132 35
132 145
132 311
132 338
132 516
132 214
133 16
133 251
133 104
133 88
133 346
133 265
133 495
133 220
133 129
133 206
133 243
134 428
134 262
134 295
134 148
134 314
134 141
134 348
134 55
134 419
134 150
134 310
135 220
135 120
135 401
135 385
135 390
135 225
135 341
136 291
136 221
136 453
136 90
136 152
136 268
136 189
136 126
136 463
137 49
137 361
137 453
137 386
137 509
137 8
137 237
137 317
137 330
137 270
137 286
137 428
137 228
137 465
137 328
137 13
138 187
138 192
138 515
138 360
138 253
138 411
138 506
138 241
138 463
138 225
138 34
138 267
138 40
139 5
139 485
139 316
139 218
140 182
140 81
140 31
140 46
140 244
140 445
140 173
140 129
140 140
140 310
140 517
141 240
141 183
141 486
141 145
141 11
141 194
141 203
141 187
141 226
141 140
142 355
142 127
142 118
142 304
142 123
142 69
142 186
142 384
142 487
142 345
142 118
143 420
143 273
143 61
143 368
143 96
144 220
144 343
144 396
144 266
144 390
144 183
144 440
144 391
144 420
144 93
145 306
145 148
145 382
145 411
145 134
146 80
146 165
146 48
146 287
146 123
146 37
146 453
146 395
146 117
146 316
146 153
147 328
147 520
147 128
147 415
147 407
147 17
147 468
147 364
148 397
148 13
148 374
148 504
148 355
148 371
148 333
148 75
148 403
148 363
148 153
149 280
149 105
149 116
149 353
149 64
149 142
149 511
149 127
149 347
149 424
150 70
150 444
150 73
150 23
150 452
150 15
150 242
150 486
150 40
150 153
150 216
151 344
151 255
151 519
151 79
151 337
151 240
151 258
151 230
151 260
151 445
151 74
151 474
151 184
151 152
151 123
151 412
151 476
152 392
152 75
152 423
152 146
152 192
152 200
152 285
152 92
152 14
152 271
153 521
153 253
153 359
153 293
153 59
153 90
153 434
153 241
153 351
153 97
153 152
153 402
153 494
153 61
154 179
154 419
154 516
155 67
155 120
155 17
155 231
155 44
155 414
155 408
155 476
155 175
155 74
155 4
155 292
155 510
156 419
156 292
156 208
156 498
156 122
156 448
156 509
156 233
156 284
156 182
156 40
156 510
156 506
156 293
156 421
157 176
157 521
157 118
157 443
157 42
157 333
157 330
157 43
157 329
157 502
157 249
157 115
157 368
157 170
158 12
158 0
158 22
158 202
158 144
158 114
158 91
158 503
158 32
158 425
158 39
158 238
158 263
158 520
159 453
159 263
159 172
159 14
159 321
159 351
159 420
160 43
160 359
160 71
160 411
160 275
160 396
160 13
160 10
160 3
160 298
160 292
160 94
161 374
161 381
161 295
161 349
161 511
161 179
161 443
161 519
161 329
161 362
161 376
162 295
162 331
162 492
162 77
162 451
162 19
162 49
162 473
162 202
162 161
162 293
163 369
163 391
163 146
163 359
163 179
163 343
163 199
163 153
163 390
163 422
163 165
163 315
163 368
163 90
164 281
164 192
164 160
164 129
164 119
164 418
164 318
165 73
165 467
165 356
165 500
165 222
165 430
165 174
165 180
165 205
165 443
166 390
166 188
166 297
166 302
166 168
166 414
166 305
166 389
166 501
166 110
166 102
166 89
167 383
167 270
167 48
167 85
167 455
167 274
167 191
167 145
167 463
167 110
167 211
167 309
167 1
167 276
167 183
167 298
168 190
168 260
168 137
168 397
168 469
168 340
168 93
168 25
168 56
169 269
169 359
169 185
169 373
169 288
169 275
169 228
169 50
169 298
169 390
169 387
169 373
169 385
170 318
170 343
170 34
170 199
170 504
170 163
170 182
170 519
170 517
170 507
170 314
170 302
171 79
171 461
171 446
171 368
171 148
171 30
171 191
171 95
171 407
171 229
171 483
171 271
171 342
171 483
171 44
172 35
172 309
172 60
172 176
172 488
172 279
172 77
173 272
173 433
173 464
173 204
173 270
173 482
173 385
173 232
174 435
174 32
174 67
174 300
174 437
174 155
174 383
174 296
174 73
175 30
175 20
175 41
175 231
175 422
175 127
175 388
175 367
175 120
175 169
175 468
175 158
175 331
175 511
176 216
176 379
176 154
176 435
176 458
176 272
176 214
177 446
177 512
177 336
177 214
177 146
177 471
177 112
177 512
177 484
178 392
178 85
178 517
178 131
178 396
178 485
179 203
179 300
179 502
179 478
179 10
179 289
179 463
179 267
179 99
179 356
179 195
180 161
180 453
180 520
180 487
180 447
180 510
180 232
180 225
180 128
180 291
180 133
180 196
180 419
180 472
180 415
180 273
180 67
180 313
181 134
181 336
181 85
181 109
181 322
181 204
181 144
181 405
181 114
181 492
181 457
181 15
182 164
182 433
182 229
182 169
182 307
182 102
182 354
182 208
182 174
183 281
183 74
183 410
183 4
183 485
183 193
183 443
184 283
184 502
184 76
185 89
185 84
185 126
185 291
185 508
185 118
185 55
185 186
186 454
186 79
186 13
186 17
186 116
186 282
186 45
187 105
187 192
187 163
187 230
187 409
187 141
187 337
187 497
187 331
187 4
187 71
188 322
188 132
188 47
188 72
188 445
188 403
188 57
188 337
189 121
189 163
189 223
189 468
189 184
189 510
189 49
189 218
190 77
190 499
190 198
190 468
190 183
190 265
190 26
190 389
190 403
190 519
191 288
191 352
191 268
191 425
191 479
191 215
191 35
191 156
191 393
192 275
192 484
192 51
192 113
192 64
192 466
192 11
192 474
192 291
192 387
192 311
192 76
192 486
192 167
193 433
193 248
193 108
193 424
193 271
193 521
193 282
193 100
194 289
194 437
194 217
194 213
194 88
194 234
194 466
194 452
194 171
195 291
195 256
195 451
195 427
195 286
195 323
195 184
195 177
195 177
195 1
196 2
196 491
196 469
196 9
196 195
196 273
196 456
196 288
196 126
197 245
197 30
197 403
197 93
197 308
197 519
197 444
197 59
197 104
197 391
197 165
198 370
198 47
199 203
199 30
199 418
199 141
199 442
199 318
199 205
199 166
199 121
199 232
199 103
199 370
199 136
200 345
200 149
200 244
200 282
200 298
200 308
200 376
200 485
200 310
200 20
200 157
201 124
201 77
201 117
201 503
201 461
201 117
201 334
201 399
201 406
201 475
201 256
201 483
202 292
202 456
202 274
202 329
202 362
202 453
202 482
202 174
202 415
202 196
202 515
202 498
202 338
203 234
203 390
203 52
203 216
203 429
203 130
203 71
204 489
204 268
204 118
204 62
204 472
204 433
204 512
204 99
205 383
205 105
205 441
205 231
205 281
205 282
205 353
205 359
205 110
205 119
206 245
206 453
206 348
206 339
206 232
206 35
206 353
207 304
207 234
207 501
207 362
207 108
207 492
207 382
207 279
207 170
207 146
207 191
207 509
207 377
208 248
208 463
208 413
208 336
208 440
208 74
208 460
209 77
209 87
209 407
209 100
209 4
209 182
209 71
209 309
209 243
210 359
210 498
210 257
210 351
210 88
210 133
210 394
211 342
211 99
211 119
211 387
211 494
211 338
211 435
211 471
211 261
211 230
211 193
211 316
211 411
211 188
212 431
212 446
212 518
212 341
212 58
212 414
212 121
213 341
213 261
213 511
213 83
213 447
213 164
213 265
214 379
214 338
214 511
214 445
214 70
214 464
214 383
214 92
214 193
214 95
214 54
214 487
215 323
215 387
215 426
215 43
215 469
215 233
215 108
215 485
215 73
215 411
216 495
216 57
216 318
216 19
216 504
216 386
216 514
217 481
217 119
217 418
217 100
217 457
217 493
217 61
217 517
217 328
217 277
217 476
218 371
218 467
218 436
218 402
218 163
218 119
218 399
218 262
218 407
218 451
219 53
219 475
219 392
219 459
219 404
219 150
219 123
219 263
219 183
219 37
219 174
219 213
220 135
220 404
220 74
220 341
220 513
220 343
220 264
220 48
220 409
220 283
221 511
221 449
221 107
221 426
221 334
221 415
222 402
222 276
222 116
222 214
222 199
222 168
222 277
222 157
222 116
222 458
222 372
222 403
223 56
223 32
223 126
223 203
223 234
223 3
223 236
223 16
223 439
223 3
224 34
224 74
224 155
224 245
224 466
224 387
224 439
224 204
224 10
224 417
225 480
225 388
225 2
225 474
225 88
225 470
225 383
225 225
225 65
226 363
226 3
226 323
226 273
226 480
226 205
226 98
226 336
226 293
226 62
227 347
227 108
227 313
227 519
227 124
227 232
227 188
227 181
227 9
228 198
228 394
228 306
228 365
228 193
228 374
228 430
228 74
228 400
228 433
228 144
229 502
229 137
229 54
229 191
229 197
229 257
229 455
229 23
229 84
230 191
230 33
230 135
230 458
230 131
230 202
230 475
230 288
230 423
231 188
231 318
231 456
231 130
231 78
231 388
231 163
231 271
231 471
231 257
231 45
231 168
231 410
232 437
232 384
232 174
232 443
232 263
232 507
232 45
232 46
232 436
232 424
232 455
232 450
233 140
233 305
233 430
233 37
233 79
233 215
233 276
233 13
233 140
234 83
234 506
234 39
234 10
234 1
234 287
234 2
234 167
234 506
234 250
234 490
235 316
235 520
235 419
235 251
235 290
235 283
235 45
235 48
235 334
235 100
235 460
235 219
236 85
236 160
236 262
236 39
236 423
237 140
237 331
237 466
237 180
237 348
237 323
237 215
237 406
238 319
238 164
238 337
238 244
238 266
238 380
238 92
238 466
238 176
238 444
238 322
239 386
239 154
239 246
239 239
239 254
239 475
239 273
239 380
239 138
239 313
239 429
239 246
240 223
240 104
240 78
240 364
240 96
240 356
240 268
240 215
241 285
241 308
241 58
241 437
241 97
241 464
242 519
242 9
242 85
242 252
242 31
242 54
242 446
242 170
242 176
242 108
243 266
243 520
243 300
243 126
243 119
243 406
244 260
244 325
244 122
244 143
244 306
244 313
244 250
244 425
244 97
245 233
245 359
245 49
245 105
245 422
245 427
245 331
245 210
245 173
246 170
246 28
246 193
246 79
246 475
246 412
246 22
247 101
247 41
247 263
247 406
247 228
247 116
247 174
247 108
248 510
248 42
248 217
248 266
248 486
248 67
248 36
249 142
249 418
249 254
249 321
249 254
249 110
249 438
249 189
249 218
249 142
250 17
250 280
250 222
250 423
250 211
250 340
250 372
250 145
250 373
251 129
251 243
251 208
251 67
251 172
251 295
251 229
251 228
252 292
252 36
252 243
252 202
252 285
252 128
253 179
253 311
253 426
253 132
253 289
253 176
253 264
254 246
254 339
254 57
254 113
254 248
255 316
255 303
255 337
255 199
255 377
255 383
255 492
255 202
255 55
256 34
256 45
256 495
256 34
256 426
256 478
256 49
256 217
256 76
257 395
257 437
257 337
257 157
257 249
257 359
257 53
258 82
258 59
258 203
258 132
258 119
258 512
258 61
258 277
259 182
259 259
259 329
259 383
259 276
259 381
259 411
259 485
259 6
259 209
259 58
260 438
260 172
260 379
260 66
261 77
261 56
261 488
261 247
261 91
262 62
262 140
262 266
262 137
262 256
262 206
262 74
262 465
263 194
263 385
263 140
263 61
263 275
263 514
263 471
263 318
264 190
264 36
264 12
264 198
264 172
264 369
264 32
264 66
265 362
265 187
265 15
265 450
265 113
265 485
265 455
265 105
265 286
265 376
265 75
265 274
265 106
265 117
266 395
266 285
266 127
266 118
266 295
266 212
266 407
266 371
266 82
266 110
266 29
266 500
266 199
267 178
267 459
267 232
267 143
267 409
267 14
267 362
267 130
267 477
267 81
267 149
267 439
267 177
267 325
267 119
268 365
268 48
268 123
268 389
268 248
268 344
268 93
268 244
268 246
268 19
268 360
268 167
268 517
268 112
268 409
268 224
269 134
269 193
269 48
269 71
269 189
269 19
269 359
269 336
269 86
269 48
269 38
270 78
270 491
270 4
270 443
270 208
270 266
270 170
270 96
270 77
271 303
271 126
271 136
271 465
271 441
271 486
271 232
271 397
271 411
271 350
271 455
271 73
271 300
271 65
271 83
271 472
272 67
272 309
272 492
272 138
272 495
272 288
272 231
272 26
272 149
272 182
272 391
273 243
273 385
273 467
274 465
274 239
274 113
274 242
274 213
274 208
274 220
274 47
274 261
274 127
275 66
275 180
275 84
275 266
276 210
276 244
276 459
276 291
276 64
276 123
276 452
276 12
276 30
276 501
276 30
276 33
276 347
276 288
276 198
277 184
277 163
277 130
277 133
277 172
277 392
277 216
278 85
278 436
278 359
278 379
278 147
278 441
278 47
278 137
278 218
278 152
278 390
279 310
279 370
279 252
279 389
279 37
279 110
279 310
279 198
279 495
279 498
280 9
280 463
280 131
280 351
280 252
280 393
281 262
281 288
281 189
281 224
281 304
281 273
281 30
281 309
281 372
281 470
281 378
281 162
281 371
281 74
281 86
282 412
282 224
282 467
282 175
282 81
282 515
282 235
282 203
282 484
283 361
283 114
283 433
283 159
283 162
283 170
284 199
284 253
284 116
284 237
284 255
284 310
285 48
285 122
285 210
285 37
285 184
285 519
285 267
285 469
285 365
285 422
285 510
285 256
285 54
285 404
286 238
286 326
286 165
286 447
286 341
286 249
286 170
287 146
287 289
287 118
287 21
287 15
287 519
287 394
287 36
288 1
288 276
288 439
288 329
288 375
288 222
288 18
288 264
288 60
288 336
289 368
289 248
289 387
289 258
289 478
289 321
289 139
289 139
290 245
290 324
290 96
290 55
290 117
290 447
290 340
290 107
290 66
290 485
291 211
291 377
291 253
291 189
291 270
291 340
291 105
291 101
291 405
291 214
291 194
292 254
292 98
292 170
292 63
292 305
292 236
292 481
292 150
292 402
292 514
292 268
292 372
292 51
292 258
292 379
292 91
292 498
293 166
293 143
293 213
293 185
293 62
293 159
293 281
293 86
293 215
293 213
294 3
294 170
294 66
294 212
294 211
294 1
294 467
294 310
295 422
295 354
295 516
295 270
295 255
295 113
295 13
295 411
295 192
295 68
295 214
295 81
296 184
296 222
296 176
296 384
296 295
296 47
296 400
296 34
296 348
296 519
297 465
297 225
297 435
297 495
297 89
297 149
297 0
297 37
298 437
298 110
298 440
298 61
298 292
298 448
298 508
298 482
298 75
298 427
298 411
298 232
298 294
298 307
299 446
299 362
299 129
299 520
299 428
299 480
299 81
299 61
299 90
299 284
299 158
299 68
300 310
300 1
300 50
300 33
300 111
300 124
300 59
301 309
301 129
301 515
301 473
301 98
301 265
301 11
301 36
301 1
301 404
301 53
301 143
301 278
301 10
302 511
302 476
302 17
302 414
302 471
302 9
303 316
303 11
303 210
303 417
303 471
303 375
303 423
303 257
304 379
304 233
304 388
304 90
304 400
304 446
305 99
305 202
305 384
305 270
305 379
305 89
305 304
305 509
305 444
305 295
305 291
305 354
305 518
305 317
305 52
306 98
306 49
306 257
306 42
306 95
306 99
306 184
306 107
306 91
306 197
307 240
307 167
307 506
307 514
307 285
307 410
307 161
307 42
308 388
308 307
308 408
308 348
308 149
308 379
308 128
308 398
308 394
308 513
308 89
309 300
309 499
309 391
309 316
309 277
309 507
309 420
309 500
309 458
309 104
309 163
309 2
309 10
309 358
309 271
310 480
310 18
310 251
310 200
310 67
310 259
310 100
310 372
310 234
310 328
310 213
310 177
310 395
310 3
310 86
310 262
310 28
311 29
311 449
311 174
311 441
311 434
311 227
311 242
311 348
311 184
311 74
311 313
311 432
312 285
312 166
312 250
312 236
312 363
312 123
312 100
312 185
312 368
313 28
313 174
313 414
313 221
313 289
313 264
313 278
313 185
313 23
313 17
313 314
313 137
313 141
313 67
313 48
313 15
313 175
314 457
314 27
314 206
314 332
314 267
314 322
314 8
314 201
314 15
314 383
315 262
315 498
315 200
315 154
315 86
315 175
315 437
316 193
316 273
316 132
316 194
316 10
316 251
316 254
316 181
316 516
316 140
317 41
317 185
317 6
317 370
317 366
317 165
317 174
317 280
317 466
317 229
317 148
318 12
318 26
318 36
318 168
318 292
318 412
318 462
318 11
318 353
318 102
319 207
319 224
319 458
319 426
319 141
319 75
319 437
319 31
319 87
319 359
320 425
320 477
320 1
320 308
320 374
320 421
320 386
320 387
321 15
321 419
321 321
321 202
322 156
322 221
322 184
322 251
322 402
322 371
322 383
322 473
322 32
322 112
322 309
322 209
323 419
323 331
323 85
323 430
323 55
323 332
323 82
323 78
323 317
324 136
324 360
324 207
324 343
324 202
324 333
324 308
324 214
324 236
324 447
324 395
324 396
324 218
324 24
325 160
325 187
325 46
325 319
325 128
325 436
325 69
325 105
326 112
326 97
326 161
326 111
326 470
326 501
326 345
326 235
326 349
326 308
326 414
326 276
326 234
326 368
326 22
326 80
326 156
326 437
327 27
327 53
327 447
327 85
327 281
327 431
327 218
327 486
327 469
327 79
328 428
328 173
328 258
328 516
328 61
328 361
328 504
328 168
328 172
328 451
328 105
328 284
328 66
329 156
329 139
329 502
329 43
329 138
329 483
330 474
330 337
330 312
330 441
330 39
330 9
330 93
330 202
330 148
330 276
330 35
330 505
330 324
331 184
331 444
331 127
331 373
331 391
331 387
331 82
331 520
331 352
331 72
332 311
332 502
332 103
332 440
332 12
332 239
332 290
332 496
332 9
332 42
333 209
333 143
333 283
333 276
333 457
333 260
333 232
333 186
333 460
333 320
334 457
334 434
334 231
334 104
334 385
334 305
334 258
334 23
334 450
334 366
334 518
334 105
334 256
334 490
335 281
335 339
335 104
335 240
335 465
336 166
336 516
336 353
336 193
336 499
336 307
336 375
336 53
336 400
336 438
337 438
337 408
337 125
337 6
337 456
337 437
337 298
337 496
337 102
338 475
338 10
338 444
338 472
338 313
338 228
338 51
338 202
338 262
338 69
338 133
338 340
338 366
338 459
338 248
339 487
339 134
339 23
339 485
339 322
339 63
339 107
339 249
340 59
340 403
340 453
340 118
340 168
340 345
340 495
340 115
340 171
340 14
340 521
340 108
340 24
340 161
340 472
340 444
340 56
340 177
341 220
341 500
341 502
341 131
341 345
342 384
342 201
342 105
342 131
342 182
342 150
342 196
342 189
342 153
342 327
342 488
342 298
342 269
342 424
342 78
343 104
343 473
343 17
343 407
343 183
343 77
343 369
343 224
343 19
343 404
343 403
343 55
343 436
344 335
344 246
344 130
344 471
344 405
344 314
344 218
344 82
345 508
345 315
345 300
345 180
345 12
345 37
345 439
345 333
346 380
346 385
346 248
346 22
346 76
346 88
346 73
347 412
347 420
347 305
347 168
347 410
347 272
347 254
347 125
348 357
348 203
348 63
348 86
348 146
348 363
348 145
348 130
348 61
348 133
348 124
348 441
348 249
348 3
348 486
349 204
349 67
349 479
349 202
349 185
349 296
349 437
349 114
349 388
349 33
350 103
350 59
350 191
350 21
350 177
350 233
350 147
350 505
350 286
350 496
350 517
350 209
350 262
350 251
350 399
351 269
351 129
351 401
351 388
351 101
351 95
351 381
351 511
351 307
351 7
351 408
351 474
351 241
351 313
351 131
351 145
351 434
352 253
352 358
352 73
352 13
352 272
352 69
352 464
352 266
352 225
352 145
352 467
352 96
352 134
352 34
353 232
353 378
353 173
353 244
353 26
353 382
353 270
353 408
353 17
353 371
353 421
353 329
353 152
353 240
353 500
353 455
354 210
354 27
354 19
354 488
354 487
354 235
354 370
354 42
354 150
355 387
355 151
355 176
355 428
355 137
355 336
355 134
355 474
355 301
355 382
355 216
356 345
356 232
356 81
356 126
356 440
357 299
357 5
357 251
357 12
357 140
357 13
357 501
357 257
357 404
357 374
357 360
358 80
358 494
358 64
358 501
358 117
358 393
358 47
358 67
359 83
359 465
359 96
359 225
359 67
359 212
360 122
360 110
360 39
360 407
360 236
360 287
360 449
360 217
360 312
360 360
360 220
361 215
361 355
361 106
361 6
361 88
361 272
361 76
361 144
361 254
361 511
361 488
361 164
361 126
362 320
362 25
362 44
362 497
362 359
362 362
362 254
362 362
362 388
362 79
362 95
363 166
363 140
363 120
363 344
363 151
363 441
363 295
363 72
363 170
363 283
363 25
364 379
364 347
364 439
364 33
364 313
364 217
364 130
364 518
365 402
365 308
365 516
365 27
365 395
365 220
365 343
365 108
365 465
365 423
365 380
365 179
365 212
365 310
365 50
366 214
366 481
366 74
366 159
366 465
366 81
366 497
366 366
366 259
366 92
366 140
366 131
366 421
367 8
367 411
367 121
367 64
367 400
367 384
367 335
367 210
368 114
368 41
368 104
368 208
368 264
368 445
368 87
369 346
369 360
369 492
369 413
369 423
369 162
369 313
369 500
370 471
370 191
370 506
370 84
370 345
370 286
371 332
371 375
371 197
371 391
371 310
371 115
371 476
371 49
371 389
371 102
371 51
371 101
371 492
371 387
371 118
371 301
371 4
372 148
372 276
372 161
372 339
372 263
372 22
373 491
373 35
373 38
373 362
373 87
373 81
373 58
373 240
373 22
373 167
373 434
373 98
373 185
373 399
373 273
374 75
374 370
374 448
374 222
374 169
374 294
374 474
374 234
374 230
374 311
374 23
374 482
374 512
374 402
374 309
374 339
374 494
375 426
375 332
375 116
375 448
375 355
375 168
375 509
375 269
376 492
376 110
376 397
376 125
376 210
376 267
376 267
376 102
376 100
376 342
376 229
376 326
377 249
377 328
377 113
377 445
377 39
377 255
377 263
377 389
377 93
378 395
378 241
378 200
378 396
378 154
378 83
378 336
379 442
379 302
379 449
379 59
379 299
379 55
379 395
379 257
379 372
380 437
380 496
380 379
380 133
380 87
380 289
381 277
381 184
381 486
381 329
381 463
381 124
381 395
381 85
381 392
381 96
382 163
382 174
382 435
382 365
382 12
382 120
382 144
382 20
382 374
383 130
383 140
383 126
383 475
383 276
383 153
383 441
383 314
383 209
383 122
383 325
383 284
384 329
384 464
384 225
384 2
384 200
384 411
384 278
384 407
384 164
384 373
384 96
385 445
385 295
385 187
385 48
385 435
385 261
385 44
386 129
386 153
386 243
386 515
386 70
387 23
387 267
387 472
387 190
387 130
387 47
387 324
387 190
387 187
387 483
387 58
387 149
387 404
387 490
387 480
388 8
388 198
388 406
388 367
388 422
388 323
389 434
389 247
389 289
389 125
389 59
389 341
390 347
390 478
390 49
390 330
390 104
390 361
390 77
390 105
390 111
390 484
391 292
391 318
391 415
391 218
391 358
391 362
391 187
391 266
391 482
391 403
392 348
392 492
392 480
392 139
392 251
392 409
393 317
393 352
393 403
393 462
393 127
393 442
393 288
393 136
393 299
393 107
394 348
394 265
394 386
394 17
394 6
394 142
394 89
394 299
394 490
394 244
395 507
395 361
395 459
395 423
395 413
395 122
395 453
396 434
396 31
396 161
396 57
396 515
396 27
396 3
396 104
396 291
396 186
396 299
397 96
397 227
397 500
397 232
397 514
397 42
397 238
398 200
398 506
398 285
398 412
398 278
398 90
398 100
398 493
398 33
398 416
399 364
399 411
399 284
399 509
399 169
399 304
399 357
399 494
400 367
400 409
400 28
400 398
400 514
401 484
401 329
401 350
401 200
401 230
401 365
401 230
401 111
401 347
402 126
402 282
402 38
402 485
402 2
402 273
402 314
402 182
402 31
402 254
402 5
402 519
402 66
402 168
403 311
403 304
403 233
403 104
403 57
403 318
403 179
403 418
403 60
403 270
403 371
403 65
403 519
403 81
404 439
404 237
404 34
404 209
404 157
404 106
404 49
404 216
404 157
405 299
405 149
405 126
405 322
405 228
405 374
405 271
405 359
405 369
405 360
406 307
406 155
406 28
406 271
406 249
406 425
406 82
407 456
407 369
407 444
407 262
407 482
407 343
407 337
407 151
407 298
407 160
408 294
408 90
408 153
408 299
408 496
408 409
408 460
409 61
409 207
409 509
409 101
409 53
409 492
409 451
409 245
409 438
409 40
409 151
409 466
410 446
410 272
410 75
410 383
410 440
410 310
410 324
410 433
410 225
410 7
410 118
410 69
410 186
410 465
411 450
411 84
411 6
411 277
411 137
411 519
411 266
412 52
412 462
412 298
412 130
412 283
412 270
412 4
412 175
412 57
412 142
412 373
412 355
412 24
412 313
412 193
413 406
413 181
413 254
413 98
413 278
413 381
413 266
413 123
413 236
413 306
413 229
414 378
414 507
414 230
414 325
414 32
414 287
414 291
414 10
414 78
414 296
415 503
415 17
415 265
415 216
415 232
415 346
415 249
415 355
415 423
415 34
416 96
416 135
416 360
416 154
416 66
416 354
416 454
416 243
416 405
417 155
417 129
417 14
417 142
417 123
417 24
417 399
417 73
417 470
417 181
417 436
418 61
418 408
418 408
418 75
418 81
418 513
418 223
418 494
418 76
419 74
419 348
419 216
419 503
419 463
419 52
419 215
420 326
420 327
420 336
420 512
420 25
420 397
420 492
420 44
420 449
421 149
421 184
421 434
421 486
421 179
421 99
421 465
422 421
422 385
422 517
422 55
422 387
422 293
422 336
422 90
422 461
422 357
422 207
422 241
423 375
423 351
423 263
423 96
423 484
423 142
423 55
423 190
423 217
423 167
423 136
424 325
424 39
424 84
424 302
424 440
424 157
424 236
425 368
425 54
425 58
425 376
425 236
425 447
425 67
425 160
426 424
426 116
426 431
426 320
426 20
426 24
426 130
426 334
426 468
426 448
426 59
426 332
426 189
427 499
427 141
427 398
427 136
427 393
427 39
427 352
427 137
427 476
427 506
428 93
428 494
428 255
428 503
428 457
428 279
428 108
428 146
428 381
428 440
428 246
428 87
429 311
429 440
429 56
429 505
429 389
429 366
430 320
430 272
430 25
430 459
430 22
430 141
430 196
430 21
430 198
430 388
430 360
430 271
431 308
431 455
431 288
431 425
431 84
431 143
431 305
431 279
431 407
431 383
431 198
431 110
432 415
432 71
432 68
432 314
432 300
432 479
432 98
432 158
432 520
432 359
432 438
433 467
433 134
433 85
433 240
433 165
433 323
433 363
433 320
433 306
433 285
433 237
433 12
433 29
433 69
433 256
434 307
434 16
434 257
434 300
434 171
434 420
434 200
434 133
434 289
435 304
435 495
435 84
435 439
435 28
435 457
435 416
435 79
435 77
435 92
435 158
435 290
435 3
436 230
436 392
436 103
436 377
436 5
436 112
436 171
436 320
436 411
436 443
437 504
437 465
437 427
437 511
437 297
437 121
437 34
437 82
437 115
437 133
438 69
438 300
438 323
438 385
438 145
438 240
438 202
438 274
438 504
438 221
438 371
438 349
438 119
438 57
438 240
438 448
439 39
439 4
439 224
439 71
439 100
439 135
439 32
439 253
439 173
439 27
439 441
439 119
440 131
440 60
440 364
440 376
440 78
440 385
440 396
440 218
440 433
440 376
440 151
440 511
440 27
441 281
441 395
441 76
441 453
442 145
442 55
442 383
442 78
442 153
442 195
442 275
442 7
443 421
443 29
443 93
443 175
443 514
443 299
443 110
443 70
443 423
444 423
444 147
444 273
444 117
444 237
444 192
444 48
445 486
445 321
445 446
445 427
446 368
446 337
446 21
446 190
446 320
446 343
446 38
446 438
446 37
446 126
446 262
446 268
446 308
446 153
447 406
447 322
447 87
447 199
447 21
447 337
447 332
447 279
447 190
447 237
447 433
447 462
447 58
447 251
447 21
447 37
448 218
448 515
448 325
448 499
448 269
448 427
448 16
448 280
448 318
448 172
448 224
448 310
448 255
448 181
448 453
449 136
449 456
449 320
449 200
449 171
449 342
449 204
449 9
449 369
450 449
450 50
450 238
450 310
450 293
450 73
450 444
450 221
451 241
451 91
451 38
451 205
451 86
451 91
451 495
451 392
451 456
451 442
451 258
451 51
451 390
452 96
452 130
452 139
452 92
452 240
452 199
452 8
452 444
452 259
452 170
452 116
453 304
453 321
453 215
453 341
453 165
453 400
453 99
453 494
453 437
453 21
453 493
453 271
453 335
453 98
453 498
454 156
454 351
454 88
454 128
454 213
454 182
454 351
454 471
454 290
454 116
454 57
454 21
455 156
455 134
455 179
455 392
455 487
455 364
455 254
455 477
455 419
455 288
455 366
455 81
455 413
455 418
455 307
455 56
456 291
456 501
456 268
456 438
456 294
456 72
456 349
456 110
456 469
456 84
456 385
456 320
456 242
456 116
456 346
456 192
457 151
457 330
457 165
457 49
457 352
457 323
457 513
457 450
457 368
458 55
458 506
458 39
458 400
458 382
458 38
458 220
458 257
459 226
459 434
460 295
460 487
460 106
460 470
460 40
460 55
461 46
461 94
461 89
461 467
461 181
461 140
461 120
461 423
461 182
461 91
461 104
461 248
461 241
461 473
461 356
461 29
461 369
461 346
462 438
462 312
462 372
462 61
462 430
462 366
462 434
462 436
462 192
462 434
462 63
462 185
463 387
463 256
463 352
463 6
463 404
463 484
463 1
463 372
463 212
463 229
463 207
464 485
464 37
464 441
464 314
464 180
464 302
464 326
465 381
465 92
465 234
465 369
465 168
465 143
465 273
465 91
466 70
466 212
466 336
466 362
466 447
466 237
467 516
467 312
467 374
467 351
467 395
467 282
467 326
467 308
467 309
467 339
467 465
467 215
468 399
468 312
468 322
468 278
468 116
468 443
468 489
469 507
469 240
469 170
469 340
469 232
469 330
469 267
469 454
469 126
469 42
469 103
469 256
470 513
470 442
470 21
470 361
470 461
470 240
470 32
471 457
471 21
471 244
471 322
471 292
471 415
471 7
471 516
471 199
471 137
471 402
472 330
472 5
472 419
472 431
472 323
472 387
472 286
472 301
472 57
472 286
472 67
472 298
472 77
473 393
473 346
473 122
473 148
473 409
473 175
473 378
473 103
474 157
474 321
474 228
474 4
474 248
474 271
474 345
474 34
474 510
474 102
475 511
475 469
475 94
475 171
475 472
475 228
475 148
476 202
476 374
476 132
476 487
476 518
476 95
476 295
476 18
476 512
476 364
477 68
477 514
477 326
477 228
477 326
477 111
477 50
477 314
477 165
477 118
477 441
478 457
478 220
478 466
478 115
478 44
478 166
478 373
478 273
478 265
478 53
479 373
479 408
479 172
479 391
480 447
480 452
480 67
480 500
480 407
480 86
480 473
480 316
480 262
480 164
480 403
480 230
480 439
481 129
481 137
481 130
481 521
481 257
481 146
481 256
482 9
482 299
482 355
482 59
482 498
482 168
482 276
482 51
482 35
482 77
482 340
482 245
482 136
482 200
483 105
483 34
483 435
483 97
483 279
483 297
484 145
484 159
484 508
484 111
484 283
484 88
484 434
484 261
484 247
484 169
485 509
485 46
485 174
485 269
485 485
485 320
485 61
485 233
485 194
485 1
485 62
485 370
485 404
485 283
486 94
486 1
486 393
486 269
486 296
486 29
486 90
486 376
486 335
486 496
486 445
486 387
486 369
487 49
487 347
487 498
487 206
487 30
487 461
487 325
487 98
487 477
487 131
487 172
487 105
487 201
488 299
488 492
488 425
488 47
488 475
488 47
488 93
488 111
488 122
488 424
488 128
489 310
489 97
489 498
489 161
489 102
489 18
489 274
489 274
489 243
489 78
490 323
490 391
490 45
490 480
490 381
490 77
490 443
490 163
490 67
490 323
490 228
490 77
490 194
490 44
491 266
491 277
491 521
491 271
491 308
491 470
492 384
492 466
492 302
492 221
492 357
492 451
492 31
492 98
492 433
493 45
493 202
493 376
493 512
493 115
493 296
493 176
493 166
493 309
493 408
494 444
494 232
495 104
495 118
495 286
495 88
495 226
495 326
495 431
496 354
496 487
496 519
496 205
496 75
496 42
496 214
497 449
497 59
497 148
497 343
497 425
497 346
497 451
497 224
497 458
497 383
497 137
497 24
497 3
498 467
498 214
498 80
498 489
498 502
498 166
498 96
498 433
498 269
498 125
498 474
498 143
498 320
499 202
499 249
499 504
499 17
500 74
500 155
500 367
500 150
500 206
500 220
500 208
500 45
500 338
500 335
501 74
501 89
501 471
501 38
501 133
501 227
501 89
501 282
501 344
501 479
501 339
502 303
502 24
502 112
502 242
502 277
502 106
502 380
502 320
502 302
502 228
502 23
502 1
503 500
503 275
503 314
503 378
503 330
503 216
503 254
503 121
503 502
504 5
504 65
504 107
504 210
504 92
504 229
504 21
504 201
504 516
504 16
504 249
505 281
505 28
505 99
505 414
505 208
505 310
505 70
505 214
505 174
505 503
505 133
505 382
505 125
506 339
506 151
506 160
506 442
506 380
506 17
506 462
506 360
506 177
506 270
506 516
507 520
507 113
507 372
507 478
507 428
507 428
507 322
507 227
507 444
507 151
507 63
508 77
508 232
508 174
508 349
508 153
508 219
508 56
508 24
508 77
508 114
508 160
508 232
508 99
509 450
509 292
509 516
509 380
509 386
509 307
509 274
509 249
509 323
509 326
510 183
510 74
510 102
510 140
510 120
511 490
511 456
511 490
511 465
511 73
511 381
511 320
511 425
511 375
511 243
511 389
512 185
512 446
512 310
512 3
512 337
512 13
512 77
512 391
512 234
512 413
512 453
512 231
513 369
513 330
513 81
513 500
513 202
513 95
513 65
513 507
514 72
514 335
514 520
514 519
514 439
514 372
514 200
514 392
514 283
514 512
514 134
514 118
514 293
514 54
515 294
515 359
515 255
515 518
515 336
515 114
515 288
515 323
516 59
516 10
516 104
516 202
516 505
516 417
516 435
516 336
516 488
516 353
517 427
517 225
517 230
517 57
517 214
517 407
517 174
517 105
517 200
517 360
517 291
517 347
518 339
518 289
518 6
518 175
518 370
518 11
518 416
518 343
518 228
518 514
518 491
518 491
518 68
519 182
519 297
519 98
519 283
519 374
519 204
519 485
520 227
520 103
520 234
520 175
520 18
520 516
520 404
520 296
520 447
521 13
521 29
521 78
521 287
521 405
521 10
521 341
521 51

